218
2.192945483250129e-05
2.4032325153346074e-05
2.6336844973463225e-05
2.886235096813591e-05
3.1630034054846556e-05
3.466311720120309e-05
3.7987050283312474e-05
4.162972362961129e-05
4.562170204194902e-05
4.9996481257538656e-05
5.479076900368592e-05
6.0044793003559855e-05
6.580263851740807e-05
7.211261825144382e-05
7.902767773822242e-05
8.660583958995686e-05
9.491069035239561e-05
0.00010401191404433804
0.0001139858768595892
0.0001242129911946372
0.0001349273904188423
0.00014656599531293388
0.0001592085262702235
0.0001729415802281912
0.00018785922382737164
0.00020406363773510674
0.0002193052117940349
0.0002356566373402812
0.00025322722733413553
0.00027210788283777793
0.0002910260089173612
0.0003105230006176106
0.0003313261734621973
0.00035306552824063614
0.00037528929129079726
0.00039891193246585166
0.00042391642460252007
0.00045041374485783604
0.00047877991928479486
0.0005096103699029874
0.0005424742624326788
0.0005776673650941446
0.0006148683880275859
0.0006539859754840029
0.0006941345357620494
0.0007353652237538788
0.0007764697776095526
0.0008154028873774128
0.0008515611477387589
0.000883766406379156
0.0009117884295893182
0.0009367691938160916
0.000959325160101708
0.000980294477497254
0.001000728504725642
0.0010218712075849192
0.001045158339022254
0.001072240901896623
0.0011046382408606995
0.0011413520945801885
0.0011814531699915337
0.0012252466276808293
0.0012730709299546698
0.00132543334207499
0.0013830309430604298
0.0014460291279199523
0.0015153334253144263
0.0015916359743011527
0.001675812321437269
0.001768660167193266
0.001871848313095866
0.0019863719202626554
0.0021138975100454564
0.00225874136885994
0.0024386424729826404
0.0026660618109823485
0.0029483381381386325
0.0032988752784175214
0.0037329887217608087
0.004268045098149132
0.004925762482704739
0.005726229061123075
0.006683876678087167
0.007792485190049288
0.008999762216286043
0.010166678045650537
0.011028144552364175
0.011687496380147553
0.012364190589694497
0.013054654010471147
0.013754542078551582
0.01445864361383218
0.015160877050902575
0.015854218748054556
0.01653072386854636
0.017181642851787082
0.017797436821295736
0.018367943747958745
0.018882576652587937
0.019330622944814736
0.019701563571071445
0.019985385200724053
0.020173133459509086
0.020257217603170796
0.020274143720256994
0.020288817567480258
0.020302028900167853
0.02031370524812379
0.020323773815083733
0.020332160897309416
0.02033879505910562
0.020343604582100626
0.020346517024765594
0.020347377316067786
0.02028821652945262
0.020121172824933642
0.019853312661848803
0.019493522682414666
0.019051935763265696
0.018539632886290146
0.01796800964959151
0.017348405541071043
0.016691795300133296
0.016008564545704266
0.015308146817426017
0.014599056007932782
0.013888811130950456
0.013183797040281994
0.01248946510099031
0.011810229585810949
0.011149706179226124
0.01037711696235161
0.009261436298087884
0.0080393066573335
0.0068848644741287554
0.005878700927373143
0.00503918307627094
0.004354128844825396
0.0038009021236109527
0.003355551960297579
0.002997853857153509
0.002709783191666428
0.002477708713615814
0.0022923385494688616
0.0021426937845977875
0.002012442904225055
0.0018954796520094478
0.0017901981122794162
0.001695171207935958
0.0016091279084303825
0.0015310302449518618
0.0014603433362228536
0.0013957952992140108
0.0013372230152839688
0.0012837135620508524
0.0012347278491139765
0.0011901434927531179
0.0011493968377590687
0.0011120807822992552
0.0010788457538399203
0.001050704990393941
0.0010266465571768736
0.0010050102754960595
0.0009843729757278655
0.0009635030882502495
0.0009413426558417952
0.0009170112107828543
0.0008898262406812536
0.0008587702467857711
0.0008235874347839664
0.0007851692318111073
0.0007446737005517203
0.0007032203101026169
0.0006626065533125269
0.0006233208052053472
0.0005853890608710965
0.0005497125782164595
0.0005161406926403726
0.00048499600816593344
0.0004559683291233611
0.00042900114899446985
0.00040388195915210255
0.0003801042683028122
0.0003572393993078118
0.00033574994826455833
0.00031491139510843124
0.00029464588100838263
0.0002756845148944616
0.0002576845450485336
0.00023930424899068392
0.0002222349950176952
0.000206383268240402
0.0001916622240624095
0.0001765456403144122
0.00016228907541583732
0.00014918376886804036
0.00013713675326972928
0.00012606256860286504
0.00011588265599008113
0.00010638199586669341
9.701251403472261e-05
8.846823941084e-05
8.067649274248844e-05
7.357099592547871e-05
6.709130822956267e-05
6.118231217793664e-05
5.579374470729497e-05
5.087976962050661e-05
4.639858769502835e-05
4.231208113067998e-05
3.858548931223178e-05
3.518711312889105e-05
3.2088045335555183e-05
2.9261924662172676e-05
2.6684711579668443e-05
2.433448381508855e-05
2.2191249876498363e-05
2.02367790014853e-05
