81
0.001473662239228617
0.0016197860260255424
0.001780222377117753
0.0019563029031852155
0.0021495044729502423
0.0023614281566614248
0.0025937798175435147
0.0028484500455934385
0.003127416241124811
0.0034328467894110246
0.003767015829675236
0.004132381908975927
0.004531490751671039
0.004967045301961146
0.005441824622122222
0.005958680735035921
0.006520470373550449
0.007129994717879481
0.00778994206677618
0.008502704936634128
0.009270315672156552
0.010094135998801242
0.010974768888613295
0.011911644689514946
0.012902719757554889
0.013944057298660205
0.015033526519631293
0.016246457009637977
0.017618267524145043
0.019149880282383888
0.020831188763740946
0.022634217014694754
0.024504293622193928
0.026350045578622947
0.028033945330346106
0.029369231742477353
0.030129862855318545
0.03027696297520972
0.030359658574081426
0.03042887891493131
0.03048379418591269
0.030523585291329702
0.030547463335006488
0.03055192982930816
0.030097663565456987
0.028979913206142984
0.02739750619977557
0.025551337748847876
0.02361128944469652
0.021702101882871395
0.01990423370681978
0.018262120631557823
0.016794493636453155
0.015503574195694578
0.014375502752851982
0.01331761542086855
0.012307621620310683
0.011350115297367574
0.01044772390053717
0.009601596692448904
0.008811619377886864
0.008076774318290583
0.0073953356084148795
0.006765120213202058
0.00618361962709144
0.005648121051904128
0.00515582680862572
0.004703901718033008
0.004289576106532974
0.00391011326716697
0.0035629308674204993
0.0032455371893150404
0.002955585460907473
0.002690866194418316
0.002449309732598883
0.0022290109658956846
0.0020281701131221416
0.0018451449125432234
0.001678408276997162
0.0015265555819293606
0.0013882807376053251
